3487.0 62.0 7180.0
3565.0 210.0 7122.0
3597.0 315.0 7170.0
3675.0 612.0 7192.0
3555.0 5.0 7150.0
3597.0 197.0 7165.0
3627.0 220.0 7140.0
3670.0 492.0 7180.0
3717.0 597.0 7197.0
3795.0 587.0 7207.0
3732.0 355.0 7165.0
3690.0 740.0 7217.0
3685.0 1040.0 7212.0
3695.0 1087.0 7212.0
3707.0 1017.0 7237.0
3717.0 1050.0 7217.0
3712.0 1327.0 7232.0
3795.0 1265.0 7250.0
3645.0 1380.0 7275.0
3637.0 1480.0 7237.0
3602.0 1805.0 7290.0
3535.0 1962.0 7312.0
3727.0 1375.0 7250.0
3712.0 1590.0 7255.0
3665.0 1647.0 7250.0
3570.0 1922.0 7307.0
3535.0 1942.0 7297.0
3622.0 2005.0 7312.0
3637.0 1865.0 7327.0
3727.0 1470.0 7245.0
3425.0 2190.0 7275.0
3382.0 2262.0 7302.0
3205.0 2530.0 7365.0
3165.0 2610.0 7327.0
3535.0 2162.0 7285.0
3482.0 2195.0 7322.0
3262.0 2485.0 7327.0
3210.0 2577.0 7350.0
3272.0 2657.0 7402.0
3372.0 2452.0 7397.0
2925.0 2915.0 7402.0
2800.0 2977.0 7380.0
3022.0 2767.0 7407.0
2960.0 2852.0 7397.0
2825.0 2977.0 7422.0
2787.0 3025.0 7432.0
2662.0 3130.0 7437.0
2825.0 3010.0 7485.0
2527.0 3187.0 7470.0
2465.0 3245.0 7412.0
2215.0 3477.0 7450.0
2152.0 3420.0 7490.0
2617.0 3120.0 7460.0
2502.0 3255.0 7475.0
2465.0 3245.0 7442.0
2262.0 3377.0 7475.0
2167.0 3487.0 7495.0
2090.0 3540.0 7555.0
2277.0 3502.0 7495.0
2657.0 3215.0 7537.0
1865.0 3555.0 7527.0
1755.0 3530.0 7537.0
1945.0 3560.0 7512.0
1830.0 3555.0 7507.0
1605.0 3660.0 7580.0
1500.0 3687.0 7570.0
1302.0 3697.0 7527.0
1167.0 3650.0 7527.0
817.0 3650.0 7570.0
660.0 3640.0 7570.0
1270.0 3565.0 7627.0
1052.0 3525.0 7632.0
667.0 3540.0 7685.0
942.0 3830.0 7670.0
1120.0 3807.0 7675.0
160.0 3587.0 7542.0
615.0 3677.0 7607.0
415.0 3677.0 7647.0
342.0 3697.0 7627.0
160.0 3682.0 7652.0
45.0 3640.0 7632.0
187.0 3735.0 7695.0
5.0 3670.0 7752.0
232.0 3682.0 7637.0
255.0 3677.0 7632.0
222.0 3640.0 7665.0
182.0 3665.0 7627.0
212.0 3755.0 7670.0
165.0 3697.0 7632.0
202.0 3697.0 7637.0
197.0 3712.0 7637.0
197.0 3670.0 7595.0
212.0 3702.0 7647.0
-20.0 3525.0 7595.0
-472.0 3235.0 7637.0
-135.0 3660.0 7600.0
-165.0 3607.0 7670.0
-255.0 3502.0 7660.0
-332.0 3507.0 7652.0
-592.0 3460.0 7722.0
-467.0 3535.0 7727.0
0.0 3692.0 7637.0
-312.0 3587.0 7752.0
-337.0 3545.0 7770.0
-82.0 3630.0 7805.0
-592.0 3235.0 7632.0
-1052.0 2962.0 7627.0
-602.0 3325.0 7695.0
-677.0 3325.0 7690.0
-855.0 3315.0 7632.0
-880.0 3225.0 7647.0
-1025.0 3040.0 7670.0
-1077.0 2992.0 7700.0
-1087.0 3105.0 7717.0
-1015.0 3025.0 7685.0
-792.0 3250.0 7695.0
-740.0 3325.0 7685.0
-1125.0 2825.0 7647.0
-1380.0 2537.0 7607.0
-1255.0 2835.0 7652.0
-1307.0 2830.0 7690.0
-1465.0 2605.0 7660.0
-1460.0 2537.0 7660.0
-1260.0 2957.0 7727.0
-1380.0 2630.0 7665.0
-1335.0 2667.0 7680.0
-1120.0 2920.0 7642.0
-1490.0 2405.0 7560.0
-1662.0 2062.0 7622.0
-1672.0 2000.0 7637.0
-1657.0 2310.0 7652.0
-1715.0 2257.0 7612.0
-1772.0 2175.0 7700.0
-1682.0 2400.0 7712.0
-1710.0 2095.0 7612.0
-1687.0 2132.0 7575.0
-1677.0 2200.0 7665.0
-1677.0 2180.0 7685.0
-1595.0 2315.0 7642.0
-1542.0 2390.0 7685.0
-1825.0 2075.0 7622.0
-1865.0 1957.0 7622.0
-1945.0 1700.0 7637.0
-1965.0 1685.0 7637.0
-1830.0 1575.0 7590.0
-1835.0 1647.0 7612.0
-1782.0 1695.0 7627.0
-1812.0 1780.0 7617.0
-1755.0 1917.0 7642.0
-1755.0 1952.0 7632.0
-1860.0 1547.0 7617.0
-1887.0 1385.0 7565.0
-1945.0 1632.0 7690.0
-1995.0 1507.0 7627.0
-2032.0 1407.0 7585.0
-2042.0 1212.0 7595.0
-1980.0 1560.0 7680.0
-1897.0 1197.0 7637.0
-1937.0 1255.0 7575.0
-1912.0 1302.0 7607.0
-1902.0 1350.0 7617.0
-1917.0 1485.0 7575.0
-1882.0 1517.0 7585.0
-1892.0 945.0 7565.0
-1902.0 845.0 7547.0
-2095.0 1165.0 7660.0
-2032.0 1022.0 7665.0
-2057.0 1122.0 7600.0
-1945.0 745.0 7555.0
-1945.0 830.0 7565.0
-1892.0 817.0 7600.0
-1850.0 725.0 7565.0
-1922.0 730.0 7565.0
-1932.0 787.0 7522.0
-1845.0 992.0 7565.0
-1917.0 992.0 7595.0
-1922.0 1075.0 7565.0
-1917.0 1087.0 7627.0
-1892.0 565.0 7512.0
-1835.0 392.0 7555.0
-1865.0 340.0 7507.0
-1875.0 445.0 7565.0
-1907.0 492.0 7565.0
-1835.0 487.0 7560.0
-1835.0 335.0 7537.0
-1892.0 445.0 7575.0
-1912.0 577.0 7560.0
-1777.0 20.0 7437.0
-1745.0 15.0 7460.0
-1772.0 115.0 7470.0
-1897.0 287.0 7522.0
-1817.0 245.0 7485.0
-1782.0 120.0 7522.0
-1782.0 20.0 7480.0
-1710.0 5.0 7475.0
-1700.0 10.0 7485.0
-1735.0 92.0 7485.0
-1777.0 162.0 7512.0
-1787.0 297.0 7560.0
-1735.0 -140.0 7507.0
-1600.0 -210.0 7470.0
-1740.0 -72.0 7485.0
-1715.0 -150.0 7470.0
-1692.0 -240.0 7502.0
-1667.0 -172.0 7432.0
-1667.0 -125.0 7417.0
-1470.0 -472.0 7422.0
-1557.0 -350.0 7427.0
-1652.0 -340.0 7475.0
-1532.0 -450.0 7450.0
-1480.0 -525.0 7422.0
-1505.0 -512.0 7370.0
-1475.0 -450.0 7380.0
-1547.0 -350.0 7417.0
-1557.0 -292.0 7397.0
-1470.0 -540.0 7432.0
-1397.0 -672.0 7355.0
-1412.0 -560.0 7417.0
-1417.0 -587.0 7442.0
-1370.0 -630.0 7432.0
-1270.0 -707.0 7355.0
-1335.0 -635.0 7380.0
-1380.0 -635.0 7380.0
-1167.0 -850.0 7360.0
-1245.0 -792.0 7380.0
-1302.0 -807.0 7407.0
-1277.0 -765.0 7437.0
-1187.0 -817.0 7380.0
-1192.0 -840.0 7397.0
-1115.0 -902.0 7390.0
-1077.0 -902.0 7350.0
-1115.0 -870.0 7385.0
-1215.0 -782.0 7390.0
-1100.0 -970.0 7370.0
-985.0 -1012.0 7350.0
-952.0 -1017.0 7342.0
-1000.0 -1027.0 7342.0
-1062.0 -997.0 7390.0
-1037.0 -1007.0 7337.0
-990.0 -1060.0 7355.0
-927.0 -1070.0 7317.0
-962.0 -1017.0 7317.0
-740.0 -1180.0 7317.0
-827.0 -1150.0 7342.0
-832.0 -1150.0 7342.0
-775.0 -1180.0 7365.0
-775.0 -1175.0 7332.0
-755.0 -1165.0 7307.0
-760.0 -1175.0 7270.0
-870.0 -1112.0 7280.0
-870.0 -1117.0 7307.0
-592.0 -1312.0 7275.0
-535.0 -1312.0 7317.0
-635.0 -1312.0 7280.0
-572.0 -1327.0 7290.0
-572.0 -1275.0 7312.0
-620.0 -1297.0 7270.0
-692.0 -1217.0 7280.0
-432.0 -1397.0 7265.0
-477.0 -1360.0 7312.0
-427.0 -1345.0 7245.0
-395.0 -1455.0 7280.0
-347.0 -1422.0 7280.0
-332.0 -1437.0 7250.0
-307.0 -1465.0 7255.0
-307.0 -1502.0 7265.0
-385.0 -1437.0 7302.0
-457.0 -1407.0 7285.0
-165.0 -1565.0 7227.0
-72.0 -1570.0 7227.0
-145.0 -1547.0 7255.0
-197.0 -1512.0 7212.0
-175.0 -1512.0 7312.0
-72.0 -1560.0 7270.0
-30.0 -1607.0 7227.0
-112.0 -1532.0 7217.0
-140.0 -1512.0 7227.0
135.0 -1680.0 7250.0
182.0 -1690.0 7245.0
15.0 -1622.0 7250.0
87.0 -1622.0 7192.0
150.0 -1685.0 7185.0
285.0 -1680.0 7180.0
92.0 -1595.0 7197.0
45.0 -1590.0 7217.0
472.0 -1690.0 7197.0
572.0 -1727.0 7217.0
510.0 -1652.0 7227.0
395.0 -1685.0 7185.0
347.0 -1680.0 7185.0
472.0 -1732.0 7132.0
520.0 -1712.0 7165.0
625.0 -1752.0 7175.0
625.0 -1727.0 7197.0
610.0 -1712.0 7132.0
395.0 -1670.0 7202.0
307.0 -1675.0 7202.0
832.0 -1780.0 7202.0
937.0 -1737.0 7165.0
885.0 -1700.0 7122.0
770.0 -1707.0 7222.0
687.0 -1752.0 7180.0
797.0 -1775.0 7192.0
855.0 -1770.0 7155.0
865.0 -1700.0 7207.0
807.0 -1727.0 7185.0
1145.0 -1747.0 7175.0
1240.0 -1717.0 7145.0
1240.0 -1747.0 7150.0
1150.0 -1617.0 7150.0
1005.0 -1712.0 7155.0
1047.0 -1737.0 7155.0
1187.0 -1700.0 7097.0
1270.0 -1707.0 7112.0
1407.0 -1722.0 7170.0
1292.0 -1665.0 7150.0
1187.0 -1665.0 7132.0
1110.0 -1680.0 7197.0
1015.0 -1675.0 7160.0
1595.0 -1707.0 7122.0
1642.0 -1637.0 7150.0
1567.0 -1660.0 7175.0
1510.0 -1680.0 7127.0
1475.0 -1680.0 7145.0
1615.0 -1675.0 7075.0
1662.0 -1617.0 7122.0
1865.0 -1607.0 7112.0
1807.0 -1565.0 7140.0
1755.0 -1547.0 7112.0
1542.0 -1622.0 7117.0
1452.0 -1575.0 7175.0
1955.0 -1555.0 7112.0
1985.0 -1517.0 7080.0
2277.0 -1322.0 7127.0
2287.0 -1337.0 7155.0
2272.0 -1407.0 7155.0
2120.0 -1495.0 7117.0
1882.0 -1547.0 7080.0
2022.0 -1475.0 7117.0
2057.0 -1442.0 7145.0
2115.0 -1485.0 7070.0
2147.0 -1480.0 7045.0
2220.0 -1442.0 7065.0
2277.0 -1380.0 7050.0
2230.0 -1375.0 7060.0
2167.0 -1412.0 7070.0
2017.0 -1450.0 7097.0
2002.0 -1485.0 7107.0
2642.0 -1060.0 7102.0
2612.0 -1087.0 7080.0
2617.0 -1022.0 7160.0
2637.0 -1065.0 7075.0
2637.0 -1035.0 7065.0
2600.0 -1035.0 7107.0
2612.0 -992.0 7087.0
2642.0 -1007.0 7080.0
2715.0 -1002.0 7092.0
2450.0 -1212.0 7127.0
2565.0 -1180.0 7112.0
2747.0 -1075.0 7150.0
2460.0 -1297.0 7060.0
2460.0 -1245.0 7055.0
2455.0 -1307.0 7107.0
2397.0 -1307.0 7092.0
2795.0 -907.0 7075.0
2987.0 -740.0 7102.0
3055.0 -625.0 7132.0
2835.0 -882.0 7127.0
3002.0 -770.0 7092.0
3310.0 -592.0 7127.0
3210.0 -672.0 7160.0
2835.0 -1002.0 7132.0
3272.0 -392.0 7140.0
3352.0 -262.0 7102.0
3472.0 -77.0 7132.0
3227.0 -472.0 7122.0
3325.0 -402.0 7155.0
3487.0 -62.0 7117.0
3565.0 -57.0 7165.0
3462.0 -182.0 7192.0
